0.100 0.028 0.026 781 49.62 39.24
0.101 0.029 0.027 779 51.18 40.70
0.101 0.028 0.028 879 50.24 40.24
0.099 0.028 0.027 845 49.93 39.50
0.101 0.029 0.027 840 50.61 39.85
0.099 0.028 0.027 808 48.74 39.22
0.100 0.029 0.028 861 51.39 40.18
0.100 0.029 0.027 724 48.92 40.44
0.099 0.028 0.026 849 49.83 40.34
0.098 0.027 0.026 756 47.35 38.02
0.103 0.029 0.027 812 46.48 38.86
0.103 0.029 0.027 821 47.06 37.23
0.102 0.032 0.028 944 48.49 38.64
0.103 0.029 0.028 822 47.28 39.34
0.105 0.029 0.028 770 47.89 36.35
0.102 0.030 0.028 900 48.96 38.98
0.102 0.029 0.028 768 49.24 38.69
0.102 0.029 0.028 782 47.23 38.71
0.102 0.029 0.028 792 46.87 38.13
0.102 0.029 0.028 779 45.48 37.26
0.102 0.030 0.027 704 44.18 45.04
0.100 0.028 0.025 722 45.02 45.82
0.101 0.028 0.025 719 45.27 45.31
0.101 0.028 0.025 711 45.13 45.27
0.102 0.028 0.025 742 45.37 45.53
0.101 0.028 0.025 721 45.27 45.52
0.102 0.030 0.026 677 44.83 44.56
0.100 0.028 0.025 731 45.19 45.50
0.100 0.028 0.025 712 44.87 45.56
0.100 0.028 0.025 726 44.81 45.13
0.102 0.032 0.027 789 38.65 41.25
0.101 0.031 0.025 667 38.23 40.96
0.103 0.031 0.026 667 37.90 40.73
0.102 0.032 0.023 659 38.42 41.39
0.103 0.032 0.024 679 38.04 40.89
0.103 0.031 0.026 685 38.79 41.83
0.103 0.032 0.026 687 38.59 41.81
0.103 0.031 0.026 696 38.34 41.42
0.103 0.032 0.024 698 38.91 41.86
0.103 0.032 0.026 702 38.71 41.34
0.106 0.032 0.022 698 42.37 43.23
0.109 0.031 0.025 905 43.93 42.65
0.106 0.030 0.025 790 42.16 42.48
0.107 0.028 0.025 814 43.37 43.23
0.107 0.028 0.025 812 43.38 43.62
0.107 0.028 0.025 795 43.82 43.30
0.107 0.030 0.025 863 43.55 43.07
0.106 0.030 0.026 724 43.16 43.51
0.104 0.030 0.024 621 40.76 41.99
0.106 0.031 0.027 731 43.56 44.10
0.108 0.029 0.024 745 42.25 43.83
0.107 0.029 0.024 733 42.05 44.08
0.107 0.029 0.025 739 42.28 44.48
0.107 0.029 0.026 715 41.36 42.88
0.107 0.029 0.025 731 42.76 44.62
0.106 0.029 0.025 754 41.59 43.93
0.107 0.029 0.026 685 42.16 42.29
0.106 0.029 0.026 694 41.79 41.73
0.108 0.029 0.027 734 42.19 43.34
0.107 0.029 0.026 690 42.44 41.96
0.106 0.028 0.025 715 42.90 41.10
0.106 0.028 0.023 703 42.37 41.28
0.106 0.028 0.023 701 43.74 41.03
0.107 0.031 0.024 733 42.74 41.33
0.106 0.028 0.023 698 43.76 41.89
0.107 0.028 0.023 682 44.96 42.80
0.106 0.028 0.025 664 43.37 41.85
0.108 0.030 0.023 695 43.37 42.12
0.106 0.029 0.025 679 44.50 41.91
0.106 0.028 0.025 688 42.98 41.08
0.105 0.027 0.027 747 48.31 39.48
0.108 0.027 0.026 803 50.34 39.92
0.107 0.027 0.025 714 50.07 39.37
0.108 0.027 0.026 775 48.17 39.03
0.110 0.027 0.025 755 50.17 40.29
0.108 0.026 0.025 804 48.29 39.21
0.107 0.028 0.027 819 48.84 39.12
0.104 0.026 0.026 713 46.60 38.73
0.106 0.026 0.026 749 48.63 39.10
0.105 0.026 0.026 728 47.55 39.31
0.103 0.033 0.028 810 54.74 40.43
0.101 0.034 0.028 754 56.30 40.40
0.102 0.033 0.028 789 54.88 40.58
0.102 0.032 0.028 726 56.29 40.22
0.102 0.034 0.028 833 55.23 39.92
0.102 0.034 0.028 733 57.35 40.42
0.103 0.034 0.028 795 55.03 40.22
0.102 0.034 0.028 790 54.43 39.96
0.102 0.036 0.028 743 55.72 40.33
0.102 0.034 0.029 759 55.89 39.87
0.103 0.037 0.033 891 43.64 40.10
0.103 0.035 0.033 814 43.53 38.41
0.103 0.032 0.032 877 43.72 39.91
0.102 0.032 0.031 879 44.45 40.02
0.105 0.032 0.032 852 43.50 39.16
0.105 0.032 0.031 895 44.37 39.68
0.105 0.033 0.032 870 44.15 39.46
0.105 0.035 0.035 912 43.91 39.39
0.105 0.034 0.033 878 43.82 39.43
0.104 0.033 0.033 869 43.51 40.03
0.116 0.026 0.025 889 49.47 36.20
0.116 0.028 0.026 801 49.03 36.21
0.112 0.029 0.025 763 50.29 36.31
0.112 0.029 0.025 775 50.02 36.43
0.113 0.026 0.025 737 49.16 36.08
0.112 0.027 0.025 792 49.84 37.24
0.113 0.028 0.025 784 47.72 36.11
0.112 0.029 0.025 785 51.16 37.41
0.114 0.025 0.025 879 49.91 36.32
0.115 0.028 0.025 875 48.60 36.07
0.106 0.032 0.029 961 38.98 37.27
0.104 0.032 0.028 902 37.72 37.09
0.105 0.033 0.029 960 39.24 38.21
0.106 0.031 0.029 945 38.06 37.12
0.102 0.031 0.028 879 38.24 36.43
0.103 0.032 0.028 957 38.80 38.08
0.105 0.035 0.029 936 39.42 36.88
0.103 0.032 0.029 905 38.60 37.37
0.103 0.033 0.030 954 40.91 38.07
0.104 0.032 0.028 917 38.35 38.05
0.098 0.033 0.029 963 46.07 40.05
0.100 0.034 0.028 923 45.71 39.83
0.102 0.034 0.028 938 46.69 38.67
0.100 0.035 0.029 942 46.97 38.95
0.101 0.035 0.028 930 46.11 38.46
0.101 0.035 0.029 920 45.78 38.64
0.101 0.037 0.028 894 44.52 38.25
0.100 0.035 0.030 929 47.51 40.21
0.100 0.034 0.029 964 47.93 40.42
0.102 0.035 0.028 904 43.69 39.11
0.099 0.027 0.027 862 54.16 35.33
0.101 0.029 0.026 911 55.64 38.45
0.100 0.028 0.028 931 55.31 37.26
0.102 0.028 0.026 915 54.75 38.13
0.102 0.030 0.026 876 52.64 34.24
0.104 0.026 0.025 960 53.30 35.78
0.102 0.027 0.026 896 54.10 38.39
0.101 0.027 0.027 886 54.00 35.48
0.101 0.028 0.026 851 54.39 37.08
0.101 0.030 0.027 896 54.52 35.49
0.106 0.028 0.025 833 53.64 37.64
0.108 0.028 0.026 955 54.24 37.59
0.110 0.027 0.026 898 53.12 37.39
0.110 0.028 0.027 839 52.45 38.40
0.110 0.027 0.027 816 51.68 37.34
0.108 0.028 0.028 841 54.07 37.68
0.109 0.027 0.026 821 53.16 37.81
0.108 0.028 0.026 913 52.29 37.60
0.108 0.027 0.026 757 53.25 37.15
0.109 0.028 0.028 792 55.53 38.35
0.105 0.031 0.025 658 42.06 42.49
0.106 0.031 0.025 649 42.77 43.72
0.106 0.031 0.024 627 42.26 42.69
0.105 0.031 0.025 629 42.30 44.24
0.105 0.031 0.025 659 41.99 42.83
0.106 0.029 0.024 641 44.21 42.39
0.105 0.031 0.026 635 41.58 43.12
0.105 0.031 0.024 639 42.12 43.97
0.105 0.031 0.025 609 42.23 44.10
0.105 0.032 0.023 599 41.50 42.08
