0.116 0.041 0.021 647 51.37 49.32
0.116 0.041 0.021 672 52.74 49.80
0.116 0.041 0.020 651 51.31 50.04
0.119 0.042 0.021 699 51.78 46.32
0.116 0.041 0.021 650 51.81 51.01
0.119 0.041 0.021 689 52.96 47.33
0.119 0.041 0.021 702 52.81 47.35
0.119 0.040 0.022 739 52.74 47.87
0.118 0.041 0.021 671 54.26 47.97
0.119 0.040 0.019 715 53.36 51.53
0.114 0.042 0.022 830 51.01 49.01
0.115 0.042 0.026 835 51.38 50.09
0.114 0.042 0.025 810 50.27 48.52
0.116 0.041 0.025 786 51.55 49.19
0.115 0.041 0.027 787 51.38 49.63
0.115 0.042 0.025 823 51.79 49.54
0.115 0.041 0.026 814 52.01 50.69
0.117 0.041 0.025 806 51.78 50.27
0.116 0.041 0.023 794 51.26 49.42
0.114 0.042 0.022 870 51.30 49.52
0.113 0.040 0.030 861 51.94 50.71
0.115 0.040 0.030 846 53.32 50.15
0.112 0.041 0.029 826 53.83 50.68
0.111 0.041 0.035 830 53.39 50.37
0.112 0.042 0.030 853 53.03 50.15
0.112 0.041 0.031 854 53.00 51.19
0.111 0.039 0.031 809 52.65 50.08
0.112 0.040 0.033 844 53.81 51.51
0.112 0.040 0.033 826 53.80 51.83
0.112 0.042 0.032 843 53.35 49.93
0.110 0.037 0.036 932 49.74 49.69
0.111 0.039 0.033 891 49.03 49.38
0.110 0.039 0.032 926 49.87 50.08
0.109 0.037 0.035 942 49.16 49.70
0.109 0.039 0.032 901 49.29 49.66
0.109 0.037 0.035 911 49.28 50.17
0.109 0.037 0.035 919 50.15 50.46
0.109 0.039 0.035 925 49.60 50.44
0.109 0.039 0.032 859 50.00 50.06
0.111 0.039 0.032 944 50.25 50.40
0.112 0.040 0.032 850 59.82 44.99
0.112 0.040 0.031 856 58.97 45.98
0.111 0.040 0.032 850 60.32 44.23
0.110 0.040 0.031 872 59.94 44.62
0.112 0.040 0.032 861 60.86 46.95
0.111 0.040 0.033 855 61.47 45.80
0.109 0.040 0.034 831 61.06 45.02
0.111 0.040 0.033 860 58.58 45.47
0.111 0.040 0.034 852 62.73 44.64
0.111 0.040 0.035 921 63.49 44.90
0.117 0.038 0.030 760 57.69 50.39
0.117 0.039 0.030 754 56.15 51.02
0.116 0.040 0.028 761 56.23 49.36
0.117 0.039 0.029 725 57.52 50.54
0.116 0.039 0.029 769 55.45 49.40
0.117 0.038 0.029 765 56.30 49.93
0.117 0.039 0.029 774 55.82 49.82
0.119 0.039 0.029 727 57.46 50.71
0.117 0.040 0.028 732 57.79 50.21
0.119 0.039 0.029 759 56.20 49.52
0.120 0.037 0.026 852 52.91 47.78
0.121 0.038 0.027 836 53.69 48.55
0.120 0.039 0.028 854 54.70 48.16
0.118 0.038 0.028 819 55.79 49.08
0.119 0.038 0.030 845 54.04 48.94
0.118 0.037 0.026 818 52.80 48.72
0.118 0.037 0.025 818 52.83 48.02
0.120 0.037 0.027 829 52.66 48.42
0.116 0.037 0.029 829 52.57 48.17
0.118 0.039 0.027 865 55.08 49.32
0.116 0.036 0.023 625 48.35 46.76
0.118 0.036 0.024 638 49.10 46.23
0.116 0.035 0.022 617 49.12 46.89
0.116 0.037 0.024 720 49.09 46.64
0.118 0.036 0.023 643 47.80 45.85
0.117 0.036 0.023 695 51.76 49.91
0.118 0.036 0.023 743 51.35 47.40
0.117 0.037 0.023 727 50.54 47.34
0.117 0.037 0.023 734 49.00 46.80
0.117 0.037 0.020 664 49.66 46.83
0.115 0.039 0.031 932 47.66 47.85
0.115 0.039 0.033 911 47.59 47.94
0.114 0.038 0.032 805 47.03 48.52
0.114 0.039 0.033 929 47.40 48.17
0.113 0.039 0.032 894 47.51 48.42
0.113 0.039 0.032 913 47.80 48.17
0.115 0.038 0.030 804 47.22 47.97
0.113 0.039 0.031 891 48.10 48.08
0.113 0.039 0.033 861 48.01 47.95
0.113 0.039 0.035 914 47.87 47.83
0.113 0.038 0.036 886 52.68 49.67
0.114 0.037 0.036 865 52.94 49.59
0.114 0.038 0.036 895 53.71 49.62
0.114 0.037 0.036 899 52.89 50.14
0.114 0.037 0.036 845 53.08 49.66
0.114 0.036 0.036 841 52.49 49.07
0.112 0.037 0.036 858 52.95 49.30
0.112 0.037 0.036 857 52.50 49.38
0.115 0.035 0.033 893 54.11 49.94
0.114 0.037 0.036 851 55.31 49.45
0.114 0.041 0.034 908 65.08 55.91
0.114 0.041 0.033 882 65.75 55.29
0.114 0.041 0.032 884 65.33 55.90
0.117 0.041 0.034 921 65.12 57.13
0.116 0.040 0.032 869 65.57 57.01
0.117 0.041 0.031 873 65.74 56.14
0.119 0.040 0.033 860 65.54 55.86
0.116 0.041 0.031 865 66.25 57.64
0.114 0.040 0.032 886 64.71 56.36
0.117 0.040 0.031 878 67.04 57.11
0.120 0.035 0.033 936 52.28 51.99
0.120 0.036 0.033 957 52.05 52.45
0.120 0.036 0.036 1019 51.31 51.46
0.119 0.034 0.033 924 51.37 51.57
0.118 0.035 0.034 925 52.31 51.58
0.118 0.036 0.034 949 52.49 51.44
0.117 0.034 0.034 974 51.27 52.16
0.117 0.035 0.033 936 51.70 51.04
0.119 0.036 0.034 909 52.46 51.84
0.118 0.036 0.034 963 52.11 51.46
0.109 0.041 0.033 902 56.79 45.82
0.114 0.042 0.037 1161 62.19 46.07
0.108 0.041 0.035 895 58.03 46.44
0.109 0.041 0.034 881 58.20 47.41
0.108 0.041 0.033 871 58.27 46.56
0.108 0.041 0.036 873 59.22 46.81
0.108 0.041 0.034 849 58.25 46.82
0.109 0.041 0.034 867 59.59 46.15
0.109 0.041 0.033 844 58.26 46.01
0.109 0.041 0.035 880 57.45 46.73
0.113 0.039 0.031 957 51.78 46.28
0.114 0.039 0.031 956 52.05 45.73
0.114 0.039 0.031 828 52.48 46.41
0.114 0.039 0.031 861 51.21 45.34
0.114 0.041 0.031 953 51.95 44.74
0.113 0.041 0.032 946 52.61 45.01
0.116 0.041 0.032 970 51.93 47.54
0.113 0.041 0.031 941 51.90 47.06
0.116 0.039 0.032 967 52.13 46.77
0.113 0.039 0.031 947 49.67 44.67
0.118 0.035 0.024 795 50.54 46.93
0.116 0.036 0.023 738 50.56 45.26
0.118 0.037 0.023 764 50.35 44.47
0.116 0.036 0.025 796 50.80 46.72
0.116 0.036 0.025 737 51.23 46.92
0.116 0.035 0.023 716 50.50 45.79
0.116 0.035 0.023 717 51.30 45.63
0.116 0.036 0.023 746 50.92 43.15
0.116 0.036 0.022 762 51.80 44.16
0.119 0.037 0.022 738 49.86 45.40
0.112 0.043 0.032 1218 48.31 42.63
0.112 0.043 0.031 1177 48.72 44.13
0.113 0.044 0.031 1193 49.25 44.24
0.112 0.042 0.031 1149 47.85 43.59
0.111 0.041 0.031 1176 48.87 43.72
0.112 0.042 0.031 1181 49.40 43.98
0.112 0.044 0.029 1104 48.21 44.96
0.113 0.044 0.031 1134 49.04 45.33
0.112 0.044 0.031 1175 48.91 44.76
0.112 0.044 0.031 1165 48.01 44.39
