0.107 0.054 0.046 2108 164.23 168.47
0.107 0.054 0.048 2101 164.40 168.60
0.107 0.054 0.049 2106 163.91 167.83
0.109 0.054 0.050 2152 163.17 167.10
0.110 0.054 0.049 2179 162.91 166.72
0.108 0.054 0.046 2091 163.01 166.47
0.109 0.055 0.050 2102 163.00 166.54
0.110 0.054 0.048 2088 162.93 166.57
0.109 0.054 0.048 2016 163.13 167.12
0.109 0.053 0.049 2126 163.12 167.26
0.109 0.053 0.048 2358 158.63 161.92
0.110 0.054 0.051 2127 159.44 161.64
0.108 0.054 0.051 2146 160.55 163.00
0.109 0.055 0.051 2055 159.04 161.45
0.109 0.053 0.050 2074 159.02 162.59
0.108 0.055 0.050 2109 160.08 162.20
0.109 0.054 0.052 2202 158.75 160.44
0.108 0.052 0.050 2143 160.51 165.40
0.110 0.054 0.051 2187 159.44 161.25
0.109 0.053 0.049 2167 159.17 163.21
0.101 0.054 0.051 2240 156.17 161.83
0.104 0.054 0.052 2088 156.39 162.27
0.101 0.055 0.053 2116 157.39 164.97
0.104 0.055 0.052 2107 157.85 165.74
0.101 0.053 0.052 2052 157.36 165.21
0.104 0.053 0.051 1981 158.69 167.21
0.100 0.052 0.051 2079 157.60 164.13
0.102 0.056 0.051 2055 158.16 164.64
0.103 0.056 0.052 2151 157.70 164.28
0.103 0.055 0.053 2092 157.92 166.22
0.105 0.053 0.048 1919 170.63 176.09
0.103 0.051 0.048 1598 169.09 173.48
0.105 0.052 0.047 1815 170.70 176.43
0.104 0.053 0.048 1697 167.88 173.03
0.106 0.053 0.050 1646 169.00 172.43
0.105 0.051 0.048 1636 170.26 174.65
0.105 0.051 0.048 1720 171.11 175.40
0.106 0.055 0.048 1948 170.56 175.78
0.106 0.054 0.048 1781 170.33 176.39
0.103 0.053 0.048 1752 170.75 176.12
0.108 0.051 0.047 2189 188.78 183.72
0.113 0.052 0.047 2171 189.65 184.22
0.113 0.051 0.047 2279 190.16 185.07
0.112 0.051 0.047 2203 191.25 186.08
0.112 0.051 0.047 2194 187.99 186.09
0.111 0.051 0.049 2047 180.92 175.74
0.110 0.050 0.047 2139 182.57 177.15
0.113 0.055 0.048 2231 183.95 178.23
0.112 0.051 0.048 2159 184.51 178.82
0.109 0.054 0.049 2235 182.00 175.54
0.116 0.053 0.044 2051 189.21 186.41
0.115 0.053 0.044 2194 187.03 183.99
0.117 0.051 0.042 2044 185.88 182.93
0.115 0.052 0.042 2053 183.25 180.74
0.115 0.052 0.043 2316 182.40 179.09
0.114 0.053 0.043 2308 181.86 179.11
0.117 0.053 0.046 2201 180.92 178.44
0.113 0.053 0.043 2143 180.20 176.47
0.117 0.052 0.044 2009 179.21 176.04
0.116 0.053 0.043 2036 178.84 175.60
0.109 0.053 0.047 1937 165.89 167.20
0.110 0.059 0.049 1837 167.07 168.61
0.112 0.059 0.049 1784 168.31 170.40
0.112 0.060 0.049 1827 168.07 170.53
0.110 0.054 0.050 1824 166.77 169.34
0.112 0.064 0.051 1892 166.51 168.99
0.111 0.061 0.052 1939 167.06 169.10
0.112 0.060 0.051 1943 167.01 169.03
0.112 0.059 0.051 1902 167.04 169.42
0.110 0.057 0.050 1918 166.33 168.21
0.111 0.054 0.046 2132 175.31 175.87
0.111 0.054 0.046 1909 175.83 176.70
0.111 0.055 0.047 1864 174.13 175.46
0.111 0.054 0.047 1872 174.01 175.52
0.111 0.052 0.046 1881 174.50 175.83
0.111 0.054 0.046 1819 174.07 175.88
0.111 0.055 0.046 1925 173.90 175.57
0.111 0.054 0.048 1917 174.36 175.97
0.111 0.053 0.047 1846 173.61 175.18
0.111 0.054 0.046 1939 175.24 176.45
0.117 0.052 0.046 2354 188.40 184.02
0.119 0.051 0.045 2432 187.21 181.69
0.117 0.050 0.048 2410 187.41 182.10
0.117 0.053 0.046 2522 187.46 182.06
0.119 0.053 0.045 2464 186.99 180.62
0.117 0.052 0.045 2449 186.56 180.67
0.119 0.051 0.047 2406 187.12 181.03
0.121 0.052 0.045 2493 186.31 180.77
0.118 0.052 0.047 2444 185.56 180.73
0.118 0.054 0.047 2160 186.35 181.09
0.111 0.050 0.049 2377 163.82 165.67
0.111 0.050 0.050 2275 164.14 166.45
0.112 0.052 0.049 2290 163.52 164.79
0.111 0.050 0.049 2278 162.89 163.32
0.111 0.052 0.049 2163 163.16 165.24
0.111 0.050 0.049 2302 163.65 166.72
0.111 0.050 0.049 2347 163.79 165.37
0.111 0.049 0.049 2367 163.56 166.92
0.111 0.050 0.050 2287 163.28 164.80
0.111 0.050 0.049 2315 163.66 165.67
0.117 0.052 0.048 2224 175.43 174.84
0.117 0.053 0.046 2390 175.29 174.18
0.118 0.052 0.047 2209 175.07 174.54
0.114 0.051 0.048 2160 174.04 173.97
0.118 0.050 0.047 2235 175.33 175.58
0.112 0.050 0.046 2269 174.86 175.26
0.111 0.052 0.049 2391 175.95 175.16
0.111 0.052 0.048 2264 175.80 174.93
0.109 0.052 0.048 2282 174.72 174.54
0.110 0.053 0.048 2408 175.14 174.81
0.110 0.050 0.042 1894 157.58 160.56
0.111 0.050 0.043 1998 158.65 160.30
0.111 0.050 0.043 1800 158.34 160.86
0.111 0.051 0.042 2038 158.35 160.88
0.110 0.052 0.043 1850 159.48 162.03
0.111 0.050 0.043 1969 159.27 160.71
0.110 0.052 0.043 1779 159.55 160.94
0.111 0.050 0.043 1926 158.67 160.77
0.110 0.051 0.043 1870 159.08 160.75
0.110 0.050 0.043 1765 157.84 160.14
0.108 0.052 0.047 1866 173.55 173.32
0.109 0.052 0.047 1807 173.33 173.39
0.108 0.052 0.049 1804 173.59 173.62
0.107 0.053 0.051 2152 172.98 173.33
0.105 0.054 0.051 2100 173.49 173.40
0.108 0.053 0.049 2123 173.89 173.57
0.108 0.052 0.049 2144 173.64 173.76
0.108 0.052 0.049 2110 173.74 173.23
0.108 0.052 0.047 2203 174.34 174.57
0.109 0.051 0.047 2210 174.18 174.41
0.112 0.055 0.050 2552 157.97 162.24
0.108 0.053 0.050 2431 158.89 163.03
0.112 0.054 0.050 2579 158.34 163.09
0.112 0.055 0.050 2501 158.47 163.57
0.112 0.057 0.051 2616 159.04 164.13
0.113 0.055 0.050 2661 158.41 163.31
0.108 0.055 0.051 2583 158.86 162.59
0.110 0.054 0.050 2627 158.96 162.73
0.110 0.054 0.050 2574 158.75 163.47
0.109 0.054 0.049 2574 158.32 162.13
0.106 0.052 0.050 2148 159.93 161.09
0.106 0.052 0.047 2076 160.75 162.90
0.107 0.052 0.048 2049 160.90 163.20
0.109 0.052 0.047 2040 161.04 162.49
0.107 0.052 0.048 2103 161.01 162.79
0.108 0.052 0.048 2078 161.37 164.04
0.109 0.052 0.047 2054 162.09 164.01
0.108 0.052 0.047 1980 161.29 163.81
0.107 0.052 0.047 2035 161.21 162.42
0.107 0.052 0.047 2056 161.03 161.95
0.118 0.051 0.047 2176 181.37 181.30
0.117 0.053 0.044 2101 181.15 181.71
0.117 0.051 0.046 2028 181.49 181.93
0.113 0.052 0.045 2005 181.69 181.75
0.117 0.053 0.044 2009 182.12 182.90
0.115 0.052 0.044 1880 182.44 182.39
0.116 0.053 0.044 2091 181.70 183.31
0.116 0.052 0.045 2272 182.31 182.63
0.116 0.051 0.045 2144 183.79 183.74
0.115 0.051 0.044 2023 183.10 183.51
