0.102 0.051 0.049 2076 59.47 42.96
0.101 0.056 0.050 2120 59.09 43.36
0.101 0.051 0.050 2088 58.22 43.10
0.102 0.064 0.048 2115 59.84 42.04
0.102 0.051 0.050 1873 58.04 43.76
0.103 0.050 0.048 1987 58.21 44.59
0.102 0.054 0.050 2132 58.91 41.71
0.102 0.056 0.049 2056 59.74 43.09
0.103 0.054 0.050 1959 58.12 43.67
0.101 0.054 0.050 2005 59.11 43.59
0.107 0.053 0.045 1908 57.11 38.03
0.106 0.053 0.048 1853 58.14 39.73
0.107 0.049 0.046 1720 58.94 40.46
0.107 0.051 0.047 1708 57.78 41.19
0.106 0.052 0.046 1807 57.67 41.99
0.107 0.054 0.047 1812 58.12 41.01
0.107 0.050 0.046 1670 58.71 40.22
0.108 0.049 0.047 1810 58.07 41.56
0.105 0.052 0.045 1699 57.19 40.94
0.105 0.049 0.047 1778 58.28 40.99
0.111 0.054 0.046 2287 59.29 41.30
0.112 0.053 0.047 2177 59.68 41.07
0.110 0.054 0.046 2051 60.34 41.54
0.108 0.056 0.048 1932 59.35 40.85
0.108 0.054 0.045 2084 58.87 40.28
0.111 0.052 0.046 2183 59.36 41.37
0.110 0.052 0.047 2075 59.51 40.93
0.109 0.054 0.047 1905 58.44 40.61
0.110 0.052 0.047 1953 58.62 40.89
0.111 0.053 0.045 1925 58.90 41.20
0.118 0.054 0.043 2391 58.25 37.54
0.115 0.054 0.045 2235 57.88 39.93
0.111 0.056 0.045 2208 57.32 37.86
0.115 0.054 0.045 2185 58.57 36.55
0.115 0.053 0.044 2210 58.75 36.45
0.114 0.054 0.045 2158 57.93 37.26
0.116 0.053 0.044 2184 56.80 37.20
0.115 0.054 0.044 2180 57.10 36.91
0.117 0.054 0.044 2247 56.90 39.29
0.115 0.055 0.043 2346 57.43 36.42
0.111 0.052 0.042 1990 62.23 39.13
0.110 0.051 0.042 2058 57.80 35.62
0.111 0.054 0.042 1867 59.76 36.59
0.111 0.051 0.042 2044 57.97 36.47
0.111 0.052 0.042 2011 58.28 37.67
0.109 0.054 0.042 1953 60.24 39.23
0.111 0.055 0.042 1926 60.97 38.98
0.111 0.054 0.042 2053 57.46 37.62
0.110 0.054 0.042 1834 60.64 36.99
0.110 0.052 0.044 1871 62.42 35.89
0.108 0.053 0.046 2388 39.66 38.81
0.107 0.053 0.046 2096 38.81 38.86
0.106 0.051 0.043 2000 40.12 38.82
0.106 0.053 0.043 1977 40.83 39.81
0.106 0.054 0.047 2030 38.11 39.07
0.105 0.054 0.045 2139 37.29 38.62
0.106 0.051 0.045 2057 39.21 38.80
0.106 0.051 0.046 2017 39.62 39.11
0.106 0.052 0.046 2102 40.03 38.94
0.108 0.054 0.046 1910 41.05 38.91
0.108 0.053 0.047 2502 38.95 36.41
0.109 0.052 0.046 2213 38.62 36.30
0.107 0.051 0.047 2309 37.68 36.13
0.106 0.052 0.047 2145 37.33 36.20
0.107 0.052 0.048 2126 37.20 36.57
0.105 0.052 0.046 2009 37.61 36.61
0.107 0.053 0.048 2227 37.16 35.83
0.108 0.052 0.046 2068 37.85 36.11
0.108 0.054 0.048 2118 39.33 36.34
0.107 0.051 0.048 2319 37.24 36.17
0.103 0.057 0.052 2399 49.55 38.86
0.104 0.055 0.052 2177 48.80 39.13
0.103 0.057 0.052 2142 47.78 38.45
0.104 0.057 0.052 2504 49.10 38.46
0.104 0.055 0.052 2549 50.37 39.39
0.106 0.057 0.052 2374 50.14 39.77
0.104 0.055 0.052 2601 50.98 38.90
0.104 0.055 0.052 2528 49.86 38.75
0.106 0.057 0.054 2601 48.84 38.40
0.105 0.055 0.052 2300 49.33 38.90
0.107 0.054 0.047 1944 58.69 42.19
0.108 0.055 0.046 1965 59.52 42.68
0.104 0.054 0.046 2004 58.57 41.35
0.107 0.054 0.046 1840 58.93 41.95
0.106 0.054 0.046 1890 58.80 39.02
0.105 0.053 0.046 1879 58.11 38.43
0.107 0.054 0.046 1824 59.29 39.98
0.107 0.052 0.045 1709 58.11 42.25
0.110 0.053 0.045 1779 59.19 39.70
0.110 0.054 0.045 1696 59.33 39.29
0.113 0.054 0.049 2723 39.40 33.90
0.111 0.053 0.051 2608 38.76 34.12
0.109 0.052 0.049 2494 39.78 34.71
0.109 0.055 0.050 2486 40.58 34.59
0.109 0.054 0.047 2509 39.17 33.14
0.110 0.054 0.048 2427 39.15 33.78
0.110 0.054 0.049 2521 39.61 33.84
0.110 0.055 0.049 2622 40.77 35.39
0.110 0.055 0.047 2579 39.41 33.59
0.111 0.055 0.046 2698 40.43 34.50
0.114 0.051 0.050 2415 58.20 41.04
0.112 0.052 0.050 2201 59.02 41.47
0.114 0.053 0.049 2221 56.46 40.97
0.111 0.052 0.050 2078 58.42 40.85
0.109 0.051 0.050 2144 58.02 42.03
0.110 0.052 0.049 2220 57.97 42.52
0.110 0.049 0.049 2152 55.24 40.42
0.112 0.051 0.048 2275 56.79 40.15
0.112 0.052 0.049 2194 57.88 41.99
0.112 0.050 0.050 2050 58.53 40.85
0.107 0.052 0.050 2602 33.15 33.60
0.108 0.053 0.048 2293 33.30 33.48
0.107 0.051 0.047 2257 32.60 33.02
0.108 0.052 0.048 2275 33.07 32.57
0.108 0.051 0.049 2181 32.63 32.81
0.107 0.051 0.047 2067 34.44 34.16
0.108 0.051 0.046 2086 33.98 33.60
0.107 0.051 0.046 2020 33.07 33.74
0.107 0.051 0.047 2040 32.91 33.34
0.107 0.051 0.047 2084 32.78 32.99
0.118 0.053 0.045 2012 45.54 37.87
0.118 0.054 0.042 1969 45.81 37.63
0.114 0.056 0.043 1838 44.85 38.77
0.113 0.053 0.043 1812 46.13 38.50
0.115 0.056 0.044 1854 46.57 38.43
0.117 0.054 0.045 1881 46.47 40.75
0.114 0.054 0.045 1922 45.12 39.55
0.120 0.053 0.044 1872 46.50 39.39
0.113 0.055 0.043 1834 44.89 38.40
0.114 0.054 0.043 1902 46.00 38.63
0.111 0.053 0.046 2152 53.15 46.45
0.112 0.053 0.048 2095 54.57 46.13
0.111 0.053 0.048 1967 50.98 45.02
0.110 0.052 0.047 2021 50.91 45.23
0.110 0.052 0.050 2093 51.62 45.61
0.113 0.052 0.050 2307 53.15 46.27
0.114 0.051 0.046 1978 52.02 44.67
0.111 0.051 0.046 2067 54.03 45.93
0.110 0.051 0.045 1993 52.63 45.73
0.109 0.051 0.046 1958 53.35 46.18
0.106 0.051 0.051 2174 48.77 43.40
0.107 0.051 0.049 2088 49.35 42.17
0.106 0.053 0.051 2022 49.47 42.54
0.108 0.055 0.050 2071 50.06 44.42
0.106 0.053 0.051 1996 50.06 43.58
0.106 0.054 0.051 1975 50.76 43.46
0.107 0.055 0.052 2017 49.52 43.66
0.107 0.054 0.050 2058 49.59 43.52
0.106 0.052 0.051 1953 48.83 43.54
0.107 0.054 0.052 2049 49.01 43.70
0.106 0.051 0.045 1847 41.63 40.75
0.106 0.051 0.044 1723 42.05 40.53
0.107 0.051 0.043 1735 42.74 41.58
0.106 0.051 0.043 1637 43.28 41.32
0.109 0.051 0.045 1645 43.28 40.63
0.107 0.050 0.044 1801 41.46 41.07
0.108 0.051 0.045 1673 42.17 40.90
0.105 0.051 0.045 1728 41.98 40.28
0.106 0.051 0.044 1625 42.46 41.78
0.106 0.052 0.044 1815 41.87 41.20
